000123456720251000001500000180000.50
000987654320251000002250000270000.75
000112233420251000000800000096000.00
0001000001202511000015000000180000.50
0001000002202512000008500000120000.75
0001000003202501000006000000096000.00
0001000004202502000023000000275000.25
0001000005202503000012000000144000.00
000100000620250400000400000004800.00
0001000007202505000009800000098000.90
0001000008202506000017500000202500.40
0001000009202507000000600000003600.00
000100001020250800000300000005400.00
0001000011202509000022000000242000.00
0001000012202510000014000000156000.50
0001000013202511000000500000003000.00
0001000014202512000007600000076000.20
0001000015202510000004300000043000.10
0001000016202510000009000000090000.00
0001000017202510000011100000111000.75
0001000018202510000020000000200000.00
0001000019202510000001250000000750.00
0001000020202510000005700000057000.30